0	27276	0.035714	0.035714	0.035714	0.035714	0.035714
8	12504	0.321428	0.321428	0.321428	0.321428	0.321428
16	13724	0.607142	0.607142	0.607142	0.607142	0.607142
40	13716	0.25	0.25	0.25	0.25	0.25
44	13252	0.392844	0.392844	0.392844	0.392844	0.392844
56	31656	0.678571	0.678571	0.678571	0.678571	0.678571
60	13584	0.785714	0.785714	0.785714	0.785714	0.785714
60	27136	0.785714	0.785714	0.785714	0.785714	0.785714
64	13404	0.035714	0.035714	0.035714	0.035714	0.035714
64	15488	0.035714	0.035714	0.035714	0.035714	0.035714
67	13448	0.035714	0.035714	0.035714	0.035714	0.035714
67	16322	0.035714	0.035714	0.035714	0.035714	0.035714
68	12767	0.107142	0.107142	0.107142	0.107142	0.107142
68	15080	0.117855	0.117855	0.117855	0.117855	0.117855
68	16261	0.107142	0.107142	0.107142	0.107142	0.107142
69	14467	0.107142	0.107142	0.107142	0.107142	0.107142
71	14405	0.107142	0.107142	0.107142	0.107142	0.107142
72	12504	0.178571	0.178571	0.178571	0.178571	0.178571
72	14240	0.178571	0.178571	0.178571	0.178571	0.178571
73	12747	0.178571	0.178571	0.178571	0.178571	0.178571
74	15325	0.178571	0.178571	0.178571	0.178571	0.178571
75	15453	0.178571	0.178571	0.178571	0.178571	0.178571
76	13009	0.25	0.25	0.25	0.25	0.25
78	12876	0.25	0.25	0.25	0.25	0.25
78	13461	0.25	0.25	0.25	0.25	0.25
79	14407	0.25	0.25	0.25	0.25	0.25
83	15468	0.321428	0.321428	0.321428	0.321428	0.321428
83	16011	0.321428	0.321428	0.321428	0.321428	0.321428
84	13919	0.392857	0.392857	0.392857	0.392857	0.392857
85	15756	0.392857	0.392857	0.392857	0.392857	0.392857
86	13390	0.392857	0.392857	0.392857	0.392857	0.392857
87	15443	0.392857	0.392857	0.392857	0.392857	0.392857
88	15325	0.464285	0.464285	0.464285	0.464285	0.464285
88	16196	0.464285	0.464285	0.464285	0.464285	0.464285
88	16333	0.464285	0.464285	0.464285	0.464285	0.464285
88	16216	0.464285	0.464285	0.464285	0.464285	0.464285
89	13005	0.464285	0.464285	0.464285	0.464285	0.464285
90	15821	0.464285	0.464285	0.464285	0.464285	0.464285
91	13964	0.464285	0.464285	0.464285	0.464285	0.464285
91	14473	0.464285	0.464285	0.464285	0.464285	0.464285
91	15815	0.464285	0.464285	0.464285	0.464285	0.464285
92	13252	0.535714	0.535714	0.535714	0.535714	0.535714
92	13100	0.589257	0.589257	0.589257	0.589257	0.589257
92	13379	0.535714	0.535714	0.535714	0.535714	0.535714
93	15447	0.535714	0.535714	0.535714	0.535714	0.535714
94	16077	0.535714	0.535714	0.535714	0.535714	0.535714
95	12878	0.535714	0.535714	0.535714	0.535714	0.535714
95	13398	0.535714	0.535714	0.535714	0.535714	0.535714
95	13893	0.535714	0.535714	0.535714	0.535714	0.535714
95	15827	0.535714	0.535714	0.535714	0.535714	0.535714
100	13628	0.07857	0.07857	0.07857	0.07857	0.07857
100	15236	0.07857	0.07857	0.07857	0.07857	0.07857
104	12420	0.107142	0.107142	0.107142	0.107142	0.107142
108	15468	0.142857	0.142857	0.142857	0.142857	0.142857
112	14224	0.178571	0.178571	0.178571	0.178571	0.178571
112	14296	0.178571	0.178571	0.178571	0.178571	0.178571
112	64624	0.178571	0.178571	0.178571	0.178571	0.178571
116	14192	0.214285	0.214285	0.214285	0.214285	0.214285
116	27356	0.214285	0.214285	0.214285	0.214285	0.214285
116	27348	0.214285	0.214285	0.214285	0.214285	0.214285
120	13148	0.25	0.25	0.25	0.25	0.25
124	27252	0.285714	0.285714	0.285714	0.285714	0.285714
128	12617	0.035714	0.035714	0.035714	0.035714	0.035714
128	14785	0.035714	0.035714	0.035714	0.035714	0.035714
128	15435	0.035714	0.035714	0.035714	0.035714	0.035714
129	13971	0.035714	0.035714	0.035714	0.035714	0.035714
129	14468	0.035714	0.035714	0.035714	0.035714	0.035714
131	14465	0.035714	0.035714	0.035714	0.035714	0.035714
132	12320	0.035714	0.035714	0.035714	0.035714	0.035714
132	14427	0.035714	0.035714	0.035714	0.035714	0.035714
132	15236	0.035714	0.035714	0.035714	0.035714	0.035714
132	15204	0.035714	0.035714	0.035714	0.035714	0.035714
132	5280	0.042856	0.042856	0.042856	0.042856	0.042856
132	7308	0.035714	0.035714	0.035714	0.035714	0.035714
133	16216	0.035714	0.035714	0.035714	0.035714	0.035714
136	13465	0.035714	0.035714	0.035714	0.035714	0.035714
136	14040	0.035714	0.035714	0.035714	0.035714	0.035714
136	14916	0.035714	0.035714	0.035714	0.035714	0.035714
136	15955	0.035714	0.035714	0.035714	0.035714	0.035714
137	14531	0.035714	0.035714	0.035714	0.035714	0.035714
137	16081	0.035714	0.035714	0.035714	0.035714	0.035714
138	15514	0.035714	0.035714	0.035714	0.035714	0.035714
139	16081	0.035714	0.035714	0.035714	0.035714	0.035714
140	13953	0.035714	0.035714	0.035714	0.035714	0.035714
140	15707	0.035714	0.035714	0.035714	0.035714	0.035714
144	14280	0.035714	0.035714	0.035714	0.035714	0.035714
145	16195	0.035714	0.035714	0.035714	0.035714	0.035714
147	14038	0.035714	0.035714	0.035714	0.035714	0.035714
148	13668	0.035714	0.035714	0.035714	0.035714	0.035714
148	14196	0.035714	0.035714	0.035714	0.035714	0.035714
149	13514	0.035714	0.035714	0.035714	0.035714	0.035714
149	14415	0.035714	0.035714	0.035714	0.035714	0.035714
151	15820	0.035714	0.035714	0.035714	0.035714	0.035714
152	12612	0.035714	0.035714	0.035714	0.035714	0.035714
152	14748	0.035714	0.035714	0.035714	0.035714	0.035714
153	13407	0.035714	0.035714	0.035714	0.035714	0.035714
154	12739	0.035714	0.035714	0.035714	0.035714	0.035714
154	15424	0.035714	0.035714	0.035714	0.035714	0.035714
156	13800	0.035714	0.035714	0.035714	0.035714	0.035714
156	14799	0.035714	0.035714	0.035714	0.035714	0.035714
160	12504	0.035714	0.035714	0.035714	0.035714	0.035714
160	15076	0.039285	0.039285	0.039285	0.039285	0.039285
168	31544	0.117855	0.117855	0.117855	0.117855	0.117855
176	13608	0.178571	0.178571	0.178571	0.178571	0.178571
184	27364	0.25	0.25	0.25	0.25	0.25
193	14809	0.035714	0.035714	0.035714	0.035714	0.035714
193	14785	0.035714	0.035714	0.035714	0.035714	0.035714
194	16261	0.035714	0.035714	0.035714	0.035714	0.035714
195	12672	0.035714	0.035714	0.035714	0.035714	0.035714
196	13148	0.128569	0.128569	0.128569	0.128569	0.128569
199	14744	0.107142	0.107142	0.107142	0.107142	0.107142
199	15767	0.107142	0.107142	0.107142	0.107142	0.107142
200	14308	0.178571	0.178571	0.178571	0.178571	0.178571
202	12698	0.178571	0.178571	0.178571	0.178571	0.178571
203	12696	0.178571	0.178571	0.178571	0.178571	0.178571
203	13006	0.178571	0.178571	0.178571	0.178571	0.178571
204	15706	0.25	0.25	0.25	0.25	0.25
205	13020	0.25	0.25	0.25	0.25	0.25
205	15711	0.25	0.25	0.25	0.25	0.25
205	16092	0.25	0.25	0.25	0.25	0.25
205	16216	0.25	0.25	0.25	0.25	0.25
206	12931	0.25	0.25	0.25	0.25	0.25
209	12746	0.321428	0.321428	0.321428	0.321428	0.321428
209	13003	0.321428	0.321428	0.321428	0.321428	0.321428
209	15966	0.321428	0.321428	0.321428	0.321428	0.321428
209	16008	0.321428	0.321428	0.321428	0.321428	0.321428
211	15192	0.321428	0.321428	0.321428	0.321428	0.321428
212	27320	0.392857	0.392857	0.392857	0.392857	0.392857
214	13908	0.392857	0.392857	0.392857	0.392857	0.392857
215	14791	0.392857	0.392857	0.392857	0.392857	0.392857
216	12392	0.464285	0.464285	0.464285	0.464285	0.464285
216	12448	0.464285	0.464285	0.464285	0.464285	0.464285
216	12296	0.464285	0.464285	0.464285	0.464285	0.464285
216	13915	0.464285	0.464285	0.464285	0.464285	0.464285
216	14192	0.464285	0.464285	0.464285	0.464285	0.464285
217	14814	0.464285	0.464285	0.464285	0.464285	0.464285
220	12895	0.535714	0.535714	0.535714	0.535714	0.535714
220	16082	0.535714	0.535714	0.535714	0.535714	0.535714
220	27196	0.535714	0.535714	0.535714	0.535714	0.535714
221	15204	0.535714	0.535714	0.535714	0.535714	0.535714
221	15178	0.535714	0.535714	0.535714	0.535714	0.535714
222	14807	0.535714	0.535714	0.535714	0.535714	0.535714
228	12360	0.142857	0.142857	0.142857	0.142857	0.142857
228	14152	0.142857	0.142857	0.142857	0.142857	0.142857
228	14984	0.15714	0.15714	0.15714	0.15714	0.15714
228	27260	0.142857	0.142857	0.142857	0.142857	0.142857
232	13744	0.25	0.25	0.25	0.25	0.25
232	15008	0.274993	0.274993	0.274993	0.274993	0.274993
